ASASSN14ae  10.03                  0.08       -0.09  6.59          0.08  0.08  5.42          0.39  0.40  0.00         0.00  0.00  9.73        0.13  0.13  9.80        0.00        0.00  0.00  6.11         0.03  0.03
ASASSN14li  9.64                   0.07       -0.06  6.67          0.21  0.17  6.23          0.39  0.40  0.00         0.00  0.00  9.3         0.10  0.10  9.60        0.00        0.00  0.00  6.95         0.09  0.18                    
AT2017eqx   9.56                   0.11       -0.14  6.55          0.17  0.17  0.00          0.00  0.00  6.41         0.08  0.09  0.0         0.00  0.00  0.00        0.00        0.00  0.00  0.00         0.00  0.00
AT2018iih   11.45                  0.09       -0.16  6.96          0.02  0.02  0.00          0.00  0.00  6.83         0.01  0.01  0.0         0.00  0.00  0.00        10.63       0.18  0.14  0.00         0.00  0.00
AT2018hco   9.93                   0.08       -0.09  5.28          0.41  0.18  0.00          0.00  0.00  6.51         0.01  0.03  0.0         0.00  0.00  0.00        9.95        0.12  0.16  0.00         0.00  0.00
AT2018lna   9.64                   0.13       -0.14  6.38          0.10  0.09  0.00          0.00  0.00  6.11         0.06  0.07  0.0         0.00  0.00  0.00        9.49        0.11  0.12  0.00         0.00  0.00
AT2018lni   10.26                  0.13       -0.14  6.02          0.11  0.09  0.00          0.00  0.00  6.48         0.16  0.30  0.0         0.00  0.00  0.00        10.00       0.09  0.14  0.00         0.00  0.00
AT2018zr    9.96                   0.10       -0.10  6.54          0.09  0.09  0.00          0.00  0.00  6.86         0.10  0.19  0.0         0.00  0.00  0.00        9.95        0.12  0.24  0.00         0.00  0.00
AT2019dsg   10.64                  0.10       -0.11  6.57          0.17  0.28  0.00          0.00  0.00  6.11         0.03  0.03  0.0         0.00  0.00  0.00        10.46       0.11  0.19  0.00         0.00  0.00
AT2019bhf   10.56                  0.12       -0.15  6.28          0.12  0.13  0.00          0.00  0.00  0.00         0.00  0.00  0.0         0.00  0.00  0.00        10.25       0.14  0.12  0.00         0.00  0.00
AT2019cho   10.04                  0.13       -0.20  6.65          0.08  0.08  0.00          0.00  0.00  6.90         0.02  0.02  0.0         0.00  0.00  0.00        10.20       0.11  0.14  0.00         0.00  0.00
AT2019ehz   9.90                   0.12       -0.17  6.40          0.04  0.03  0.00          0.00  0.00  6.59         0.03  0.03  0.0         0.00  0.00  0.00        9.74        0.08  0.09  0.00         0.00  0.00
AT2019eve   9.31                   0.09       -0.10  5.28          0.63  0.22  0.00          0.00  0.00  0.00         0.00  0.00  0.0         0.00  0.00  0.00        9.31        0.10  0.15  0.00         0.00  0.00
AT2019meg   10.16                  0.12       -0.27  6.47          0.04  0.04  0.00          0.00  0.00  6.41         0.02  0.02  0.0         0.00  0.00  0.00        9.70        0.15  0.08  0.00         0.00  0.00
iPTF-15af   10.14                  0.10       -0.08  7.58          0.10  0.09  6.88          0.38  0.38  5.72         0.31  0.40  10.31       0.08  0.10  10.20       0.00        0.00  0.00  0.00         0.00  0.00
PS1-10jh    9.68                   0.12       -0.18  7.20          0.03  0.04  5.85          0.44  0.44  6.36         0.07  0.11  9.20        0.30  0.30  9.50        0.00        0.00  0.00  7.23         0.05  0.03
PS1-11af    10.16                  0.16       -0.13  6.58          0.06  0.05  0.00          0.00  0.00  6.95         0.08  0.16  0.00        0.00  0.00  10.10       0.00        0.00  0.00  6.57         0.06  0.05
PTF-09djl   10.36                  0.13       -0.15  6.44          0.11  0.10  5.82          0.56  0.58  6.48         0.10  0.10  9.91        0.13  0.17  10.10       0.00        0.00  0.00  6.41         0.14  0.09
PTF-09ge    10.33                  0.10       -0.10  6.79          0.04  0.04  6.31          0.39  0.39  6.61         0.09  0.14  0.00        0.00  0.00  10.10       0.00        0.00  0.00  6.56         0.09  0.06
SDSS-TDE1   10.18                  0.09       -0.10  6.66          0.23  0.25  7.25          0.45  0.46  0.00         0.00  0.00  10.08       0.08  0.12  10.10       0.00        0.00  0.00  6.48         0.30  0.18
AT2018hyz   9.84                   0.09       -0.11  6.66          0.09  0.09  0.00          0.00  0.00  0.00         0.00  0.00  0.0         0.00  0.00  0.00        9.84        0.09  0.14  0.00         0.00  0.00
AT2019lwu   10.09                  0.09       -0.09  6.22          0.15  0.15  0.00          0.00  0.00  0.00         0.00  0.00  0.0         0.00  0.00  0.00        9.86        0.09  0.13  0.00         0.00  0.00
AT2019mha   10.00                  0.08       -0.08  6.84          0.10  0.16  0.00          0.00  0.00  6.60         0.06  0.08  0.0         0.00  0.00  0.00        10.07       0.10  0.18  0.00         0.00  0.00
AT2019qiz   10.26                  0.06       -0.07  6.16          0.04  0.05  0.00          0.00  0.00  6.18         0.03  0.03  0.0         0.00  0.00  0.00        10.01       0.09  0.13  0.00         0.00  0.00
iPTF-16fnl  10.13                  0.04       -0.05  5.90          0.26  0.28  5.50          0.42  0.42  0.00         0.00  0.00  9.58        0.20  0.25  9.80        0.00        0.00  0.00  6.23         0.05  0.05
GALEX-D1-9  10.50                  0.11       -0.11  6.64          0.37  0.36  0.00          0.00  0.00  0.00         0.00  0.00  0.00        0.00  0.00  10.30       0.00        0.00  0.00  7.82         0.04  0.07
SDSS-TDE2   10.66                  0.12       -0.16  6.37          0.29  0.22  0.00          0.00  0.00  0.00         0.00  0.00  0.00        0.00  0.00  10.60       0.00        0.00  0.00  6.28         0.24  0.16
ASASSN15oi  11.00                  0.12       -0.11  6.07          0.19  0.24  0.00          0.00  0.00  0.00         0.00  0.00  0.00        0.00  0.00  9.90        0.00        0.00  0.00  6.60         0.10  0.12
iPTF16axa   10.79                  0.13       -0.13  6.79          0.16  0.17  6.34          0.42  0.42  0.00         0.00  0.00  10.25       0.08  0.08  10.10       0.00        0.00  0.00  6.40         0.18  0.19
AT2019azh   10.40                  0.07       -0.07  6.57          0.10  0.09  0.00          0.00  0.00  6.45         0.25  0.60  0.0         0.00  0.00  0.00        9.82        0.16  0.13  0.00         0.00  0.00
GALEX-D3-13 11.10                  0.43       -0.35  7.02          0.19  0.18  7.36          0.43  0.44  0.00         0.00  0.00  10.70       0.00  0.00  10.70       0.00        0.00  0.00  7.48         0.04  0.04